a = -29.320000 b = -17.340006 c = -43.479990 d = -42.480000 e = 39.660000
a = -29.948987 b = -16.667881 c = -43.051209 d = -42.397968 e = 39.652977
